kinematics:
  shoulder:
    x: 0
    y: 0
    z: 0.16256124254156665
    roll: -0
    pitch: 0
    yaw: -1.3830006482908795e-07
  upper_arm:
    x: 9.4656612097330961e-05
    y: 0
    z: 0
    roll: 1.5697177884521913
    pitch: 0
    yaw: -1.2253783330251624e-06
  forearm:
    x: -0.42547069605085941
    y: 0
    z: 0
    roll: 3.1410605409967234
    pitch: 3.1396632627852012
    yaw: 3.141591058777061
  wrist_1:
    x: -0.39254189120102362
    y: -0.0006994460747622688
    z: 0.13376970668700153
    roll: 0.0052286853128873682
    pitch: -0.0013342953185431791
    yaw: 9.5748910527207884e-06
  wrist_2:
    x: 6.8287751166868783e-05
    y: -0.099710234421161587
    z: 0.00018079426929513027
    roll: 1.5689831320690624
    pitch: 0
    yaw: 1.7622275862968419e-07
  wrist_3:
    x: 0.00010528133286281306
    y: 0.099630406243513644
    z: 0.00016084336848894805
    roll: 1.5724107258003697
    pitch: 3.1415926535897931
    yaw: 3.1415926460112797
  hash: calib_15223821010305420794